45 vlmp.museophile.com 0 0 0 6935536 0
53 europa.eu.int 0 0 0 6935536 1
58 www.rottentomatoes.com 0 0 0 6935536 2
60 www.acefitness.com 0 0 0 6935536 3
62 www.andante.com 0 0 0 6935536 4
65 www.fedworld.govjobs/jobsearch.html 0 0 0 6935536 5
80 www.bbb.org 0 0 0 6935536 6
84 www.artsjournal.com 0 0 0 6935536 7
85 www.ticketmaster.com 0 0 0 6935536 8
73 www.webring.org 125 .000018 125 6935536 9
41 windowsmedia.msn.comradiotuner/ 1020 .000165 1145 6935536 10
26 www.altmedicine.com 1557 .000389 2702 6935536 11
67 onlinebooks.library.upenn.edu 2797 .000792 5499 6935536 12
70 world.altavista.com 3388 .001281 8887 6935536 13
74 www.four11.com 3855 .001837 12742 6935536 14
46 www.un.org 5212 .002588 17954 6935536 15
50 www.vlib.org 5219 .003341 23173 6935536 16
15 www.search.com 7960 .004488 31133 6935536 17
59 www.ipl.org 9897 .005915 41030 6935536 18
1 www.google.com 12771 .007757 53801 6935536 19
47 www.sacred-texts.com 13399 .009689 67200 6935536 20
72 mathworld.wolfram.com 13459 .011629 80659 6935536 21
39 www.dmoz.org 17546 .014159 98205 6935536 22
13 www.anywho.com 18038 .016760 116243 6935536 23
71 www.give.org 19978 .019641 136221 6935536 24
78 www.classical.net 21285 .022709 157506 6935536 25
5 groups.google.com 21712 .025840 179218 6935536 26
44 www.alexa.com 24367 .029353 203585 6935536 27
21 www.firstgov.gov 25239 .032992 228824 6935536 28
20 www.mayoclinic.com 25525 .036673 254349 6935536 29
56 www.jokes.com 26235 .040455 280584 6935536 30
18 www.lrb.co.uk 26614 .044293 307198 6935536 31
52 www.classmates.com 28149 .048351 335347 6935536 32
66 www.iht.com 28361 .052441 363708 6935536 33
25 www.nutrition.gov 31900 .057040 395608 6935536 34
68 www.bizrate.com 32389 .061710 427997 6935536 35
51 moneycentral.msn.com 32914 .066456 460911 6935536 36
42 www.ucomics.com 34075 .071369 494986 6935536 37
27 www.citysearch.com 34691 .076371 529677 6935536 38
10 www.craigslist.org 36349 .081612 566026 6935536 39
43 www.infoplease.com 38575 .087174 604601 6935536 40
16 www.nih.gov 38588 .092738 643189 6935536 41
33 www.usatoday.comnews/states/ns1.htm 38675 .098314 681864 6935536 42
63 lpi.oregonstate.eduinfocenter/ 44152 .104680 726016 6935536 43
11 www.reference.com 46775 .111424 772791 6935536 44
37 www.abebooks.com 47040 .118207 819831 6935536 45
4 www.bartleby.com 47841 .125105 867672 6935536 46
31 www.findlaw.com 48474 .132094 916146 6935536 47
79 www.blogger.com 48743 .139122 964889 6935536 48
28 www.vote-smart.org 50217 .146363 1015106 6935536 49
75 www.epinions.com 50226 .153604 1065332 6935536 50
55 www.nybooks.com 53889 .161374 1119221 6935536 51
12 www.m-w.com 56808 .169565 1176029 6935536 52
54 groups.yahoo.com 61533 .178437 1237562 6935536 53
77 www.aldaily.com 63094 .187535 1300656 6935536 54
30 www.encarta.com 63180 .196644 1363836 6935536 55
29 www.sciam.com 65456 .206082 1429292 6935536 56
9 www.download.com 66546 .215677 1495838 6935536 57
83 www.bbc.co.ukreligion/ 66724 .225297 1562562 6935536 58
61 www.quicken.com 77204 .236429 1639766 6935536 59
7 www.cnn.com 78349 .247726 1718115 6935536 60
38 www.allmusic.com 104800 .262836 1822915 6935536 61
19 www.refdesk.com 108665 .278504 1931580 6935536 62
49 www.webmd.com 110714 .294468 2042294 6935536 63
35 www.time.com 112709 .310719 2155003 6935536 64
69 www.billboard.com 113184 .327038 2268187 6935536 65
40 www.loc.gov 122736 .344735 2390923 6935536 66
76 www.ucalgary.ca%7Elipton/journals.html 126758 .363011 2517681 6935536 67
22 www.imdb.com 128817 .381585 2646498 6935536 68
34 www.allposters.com 131009 .400474 2777507 6935536 69
36 www.mapquest.com 138328 .420419 2915835 6935536 70
14 www.weather.com 150532 .442124 3066367 6935536 71
23 www.expedia.com 158632 .464996 3224999 6935536 72
57 www.priceline.com 165332 .488834 3390331 6935536 73
82 www.livejournal.com 172717 .513737 3563048 6935536 74
8 www.ebay.com 180810 .539808 3743858 6935536 75
64 www.pcmag.com 186269 .566665 3930127 6935536 76
24 www.slate.com 228822 .599657 4158949 6935536 77
32 www.nature.com 252317 .636038 4411266 6935536 78
48 www.artforum.com 261222 .673702 4672488 6935536 79
0 www.yahoo.com 290724 .715620 4963212 6935536 80
17 www.cnet.com 304915 .759584 5268127 6935536 81
81 www.intelihealth.com 328435 .806940 5596562 6935536 82
2 www.amazon.com 340407 .856021 5936969 6935536 83
6 news.google.com 428270 .917771 6365239 6935536 84
3 www.about.com 570297 1.000000 6935536 6935536 85
