45 vlmp.museophile.com 0 0 6365239
53 europa.eu.int 0 0 6365239
58 www.rottentomatoes.com 0 0 6365239
60 www.acefitness.com 0 0 6365239
62 www.andante.com 0 0 6365239
65 www.fedworld.govjobs/jobsearch.html 0 0 6365239
80 www.bbb.org 0 0 6365239
84 www.artsjournal.com 0 0 6365239
85 www.ticketmaster.com 0 0 6365239
73 www.webring.org 125 .000019 6365239
41 windowsmedia.msn.comradiotuner/ 1020 .000160 6365239
26 www.altmedicine.com 1557 .000244 6365239
67 onlinebooks.library.upenn.edu 2797 .000439 6365239
70 world.altavista.com 3388 .000532 6365239
74 www.four11.com 3855 .000605 6365239
46 www.un.org 5212 .000818 6365239
50 www.vlib.org 5219 .000819 6365239
15 www.search.com 7960 .001250 6365239
59 www.ipl.org 9897 .001554 6365239
1 www.google.com 12771 .002006 6365239
47 www.sacred-texts.com 13399 .002105 6365239
72 mathworld.wolfram.com 13459 .002114 6365239
39 www.dmoz.org 17546 .002756 6365239
13 www.anywho.com 18038 .002833 6365239
71 www.give.org 19978 .003138 6365239
78 www.classical.net 21285 .003343 6365239
5 groups.google.com 21712 .003411 6365239
44 www.alexa.com 24367 .003828 6365239
21 www.firstgov.gov 25239 .003965 6365239
20 www.mayoclinic.com 25525 .004010 6365239
56 www.jokes.com 26235 .004121 6365239
18 www.lrb.co.uk 26614 .004181 6365239
52 www.classmates.com 28149 .004422 6365239
66 www.iht.com 28361 .004455 6365239
25 www.nutrition.gov 31900 .005011 6365239
68 www.bizrate.com 32389 .005088 6365239
51 moneycentral.msn.com 32914 .005170 6365239
42 www.ucomics.com 34075 .005353 6365239
27 www.citysearch.com 34691 .005450 6365239
10 www.craigslist.org 36349 .005710 6365239
43 www.infoplease.com 38575 .006060 6365239
16 www.nih.gov 38588 .006062 6365239
33 www.usatoday.comnews/states/ns1.htm 38675 .006075 6365239
63 lpi.oregonstate.eduinfocenter/ 44152 .006936 6365239
11 www.reference.com 46775 .007348 6365239
37 www.abebooks.com 47040 .007390 6365239
4 www.bartleby.com 47841 .007515 6365239
31 www.findlaw.com 48474 .007615 6365239
79 www.blogger.com 48743 .007657 6365239
28 www.vote-smart.org 50217 .007889 6365239
75 www.epinions.com 50226 .007890 6365239
55 www.nybooks.com 53889 .008466 6365239
12 www.m-w.com 56808 .008924 6365239
54 groups.yahoo.com 61533 .009667 6365239
77 www.aldaily.com 63094 .009912 6365239
30 www.encarta.com 63180 .009925 6365239
29 www.sciam.com 65456 .010283 6365239
9 www.download.com 66546 .010454 6365239
83 www.bbc.co.ukreligion/ 66724 .010482 6365239
61 www.quicken.com 77204 .012129 6365239
7 www.cnn.com 78349 .012308 6365239
38 www.allmusic.com 104800 .016464 6365239
19 www.refdesk.com 108665 .017071 6365239
49 www.webmd.com 110714 .017393 6365239
35 www.time.com 112709 .017706 6365239
69 www.billboard.com 113184 .017781 6365239
40 www.loc.gov 122736 .019282 6365239
76 www.ucalgary.ca%7Elipton/journals.html 126758 .019914 6365239
22 www.imdb.com 128817 .020237 6365239
34 www.allposters.com 131009 .020581 6365239
36 www.mapquest.com 138328 .021731 6365239
14 www.weather.com 150532 .023649 6365239
23 www.expedia.com 158632 .024921 6365239
57 www.priceline.com 165332 .025974 6365239
82 www.livejournal.com 172717 .027134 6365239
8 www.ebay.com 180810 .028405 6365239
64 www.pcmag.com 186269 .029263 6365239
24 www.slate.com 228822 .035948 6365239
32 www.nature.com 252317 .039639 6365239
48 www.artforum.com 261222 .041038 6365239
0 www.yahoo.com 290724 .045673 6365239
17 www.cnet.com 304915 .047903 6365239
81 www.intelihealth.com 328435 .051598 6365239
2 www.amazon.com 340407 .053479 6365239
6 news.google.com 428270 .067282 6365239
